427.9756597534355 -15.0495655700683 231.0083692494338 -468.22228591102123 13.10712720462206 406.6639725664291 208.38459170833957 -171.81374515855336 0.04862174230664242 -0.04803615634066438 0.9976614926211604 -0.6123842286209261
421.5549835957903 -12.647904628397603 242.6642696042886 134.13724310364276 5.4692782479174245 407.0425852218296 207.98543756690125 -153.28677684501068 0.021507538751126088 -0.04626589061550752 0.9986975984463078 -0.3605027604674318
415.3750643703029 -10.20210235424083 253.20741386349505 1.290394357347855 -2.129184829056115 407.06987708354455 207.99303635379368 0.9919983476486521 -0.0033873750949891764 -0.04612880161424182 0.9989297569657236 0.0027880238732699023
407.5092901970526 -8.162284183478626 265.7519086451148 -1.6614690659830675 -11.552812922159635 406.18377074945084 209.4105974440217 -4.024213796482541 -0.03356089240382023 -0.05026179555223296 0.9981720384828082 -0.006558479111931022
398.671312433966 -5.0237566126255455 278.9094260511737 -4.417799898171112 -21.355013397730836 406.20052429655925 208.60637308697466 -6.03886570413989 -0.06573827052196843 -0.04996991499896556 0.9965849122798202 -0.011489962150822507
384.93747387643873 1.0856813502469151 297.61801681039185 1.0035230964292503 -37.65703991655776 405.70727765163326 207.2560581352021 0.12850314846522914 -0.11242741480020361 -0.05151203951482278 0.9923238313103068 -0.0015071303314982453
375.1119546538562 4.1651872819830915 309.88416242071537 35.13033778020543 -47.30505170644976 405.58679939272116 205.50693825255064 -333.0134702567441 -0.14401804876694252 -0.05153366906232366 0.9882323019322621 -0.6208653070163958
373.2191259514303 8.905345851470466 312.06201349705316 322.7181047196159 -48.26895212564841 408.85954872108755 198.68442090108476 109.67569764696637 -0.15007510592356244 -0.03558899671022195 0.9880338485574223 0.18886145731035528
383.31746235185955 8.106543115211869 299.5939392634152 -50.51191110568072 -38.09568417787327 410.93747934531154 196.5976305677673 -3.1991693153157206 -0.1178995261226471 -0.02591979069196656 0.9926871945333736 0.44666853025017966
393.8912226733592 4.2165709911681875 285.63341306381074 -7.159024571669743 -25.77196373392965 412.0827617781452 196.2017450460428 -0.8070921667568355 -0.08253079043212591 -0.02090925934850394 0.9963691441951349 -0.0023112051969825472
402.12715562421045 2.591581126738448 273.9371384923272 -4.352703921452489 -17.197474973117576 413.00328736508516 195.20259452348688 -5.126652953867282 -0.053382171158785276 -0.01650273540210682 0.9984377814999902 -0.00936053902609743
413.73706000787314 -3.416153026998055 256.05565118359846 -0.22524305116932647 -2.7837607177596735 412.9676303572982 196.01405149086406 -1.7306966744696837 -0.009823638996484998 -0.016959554562679034 0.9998079163648897 -0.0009050093832604991
420.4340442117392 -6.213146455874407 244.84920401626403 -0.8068842271300672 5.5755146180187305 413.21542623380833 195.43143705063235 -1.2149897672869536 0.01693157256442681 -0.015666972414315875 0.9997338985079303 -0.0022807189491212245
432.25300392194634 -13.22710137565573 223.01772534525344 1.3959336792016155 22.705107039774163 413.2729964068743 194.06553012762205 0.17753651324623748 0.06784056812200827 -0.014850509264797189 0.9975856452914003 0.0006154021404265301
441.3434999905873 -17.744722903793154 204.0969408238276 2.132807377446424 35.894855432616964 413.4482879971837 191.68618608076144 -0.37320271622918944 0.11090075354441643 -0.013224548763192477 0.9937434951602403 0.000831052304297211
444.91853474143454 -13.644854082720807 196.50912657969621 0.2448580224630484 41.60421818361705 419.2964366305855 177.2882079743105 -2.852445652296388 0.1290685472901069 0.01873681028665578 0.9914586436360839 -0.0028707369873665536
439.47305332253353 -8.681917291814981 208.66859165678628 6.413201407151516 33.09441432525397 420.57583820756946 176.0461458964317 5.908366127340938 0.10170699987139963 0.025100301832710923 0.9944976928203836 0.006409071302681409
431.5170785612919 -3.745752470496301 224.79657843676486 384.3505633949658 21.410736713928248 420.6035026198881 177.7801883387673 320.43814582548026 0.06449307481678894 0.024398541178379585 0.9976198446748356 0.44205791635110997
423.79843638324934 -8.711059330799413 238.90065758169683 -8.588840865833461 8.400922674966584 411.2401574884593 199.45545566766373 1.3052816343720461 0.03083568004175947 -0.025663668567743252 0.9991949444187592 -0.003089144404481814
415.12878687266 -6.46202501040263 253.73382504293244 0.4767409343567023 -1.2472355234386103 410.9547996503968 200.21518043437723 -1.2171865343746255 -0.004368106001801556 -0.027119955353274928 0.9996226426365068 -0.001196864338217331
405.0840602587304 -0.6123201118169979 269.55713794463105 0.0979775372610162 -14.491283152723836 411.09712026299206 199.40080705097853 -1.4943123031735377 -0.0425503529628003 -0.026194155907749418 0.998750886687477 -0.0020422842944697824
396.64146527607727 2.7513415776985832 281.81997724023785 -0.9815980794081006 -24.372056072573113 410.68163932253884 199.2940426472061 -0.8880834473073338 -0.0728235457822178 -0.027909462966222168 0.9969542582569385 -0.0017254502505125106
387.6557883412577 6.183405114313396 294.0055725581222 4.323190144613705 -33.317498261351915 411.0243690432317 197.2826241480406 -0.9129327741129499 -0.1036105002392989 -0.02580583190677772 0.9942831202830316 0.005366018133864881
382.13129838969195 7.64248610030004 301.11755947757985 5.1290346197779435 -39.15671943463379 410.43094771333733 197.4454605980296 0.4035579970064993 -0.12178166951034186 -0.02841910479549678 0.9921499783066552 0.00736510977872141
395.6430736065957 24.999051811947883 282.1278560230243 156.5334032863997 -24.654235800618686 425.3307285944408 165.70293117180665 253.44593619212685 -0.07638420620554595 0.05201349832787734 0.9957208690361192 0.9125017640274798
401.43826040585077 21.675254063550266 274.1022215745867 -318.5530884677599 -18.15485095851551 425.2601965081187 166.72038891830016 -94.02216195959925 -0.055857799452345945 0.05113161435336548 0.997128609685812 -0.3639758971481218
409.9292515127717 15.78692790482715 261.6549313313729 -286.73101706380277 -7.818473272953026 424.8172402435575 168.64372296663353 -364.84071533773874 -0.02447441722707034 0.04804478198271133 0.998545292826334 -0.6144224648242631
416.32288520328524 11.93054397497435 251.56994813568707 36.36785111192008 -0.39375944219017417 424.4092748467723 169.84738386580327 30.560137270475348 0.00035489043891075015 0.04554331715738408 0.9989623017487088 0.056075548836339674
422.86882905058485 7.544001215887189 240.5817177001629 83.36547896105664 8.3213445776004 424.25055401219817 170.04041893997646 -134.47214174760853 0.026980541646840158 0.04470718497749548 0.99863572837338 -0.2433463810643642
430.74710156973225 1.985962734107191 226.29076841491448 -2.155502922059441 19.626425074225946 424.1379081164066 169.39114429616262 -2.7120351988288696 0.06098006604774608 0.04455101710966874 0.9971442415314379 -0.0038332295386119346
438.6630265106758 -3.29151143935677 210.5194445970671 -466.82586937886816 32.02103437994666 424.6621433701841 166.15727120411677 -222.0865267902438 0.09780148659298665 0.04875918047437953 0.9940107703338373 -0.45217786406652055
442.493376411832 0.15913346636169373 202.3712132115522 -6.839095249165919 37.49233364320998 429.12300353908483 153.0336374138043 -13.956572215512596 0.116621822311794 0.07712746933714447 0.9901771074077224 -0.019184441451457392
436.85315423226155 6.04462294853402 214.18988211223444 -74.07534839429209 28.662618617765666 430.2536651863666 151.76218012465867 -528.0293506935012 0.0890560480080771 0.08324653681358239 0.9925417041221632 -0.6026781353836088
431.7035504450124 11.39020675550939 224.1803496111028 -130.12184079559498 20.852641098464165 431.18374420369764 150.3903837425049 -465.09068026443873 0.0652553991976695 0.0885024437710995 0.9939361399617664 -0.6129525738973851
424.54742721002884 17.442856825217234 237.0859553487704 -133.7076480845434 10.654329121397556 431.6741313907522 150.0514944528424 -179.92589398264462 0.03403268193149512 0.09103212832528369 0.9952662599390771 -0.31369141564961084
418.73835100839784 20.41937586416029 246.97320484741837 -7.3492411486570495 3.8796413234122165 431.60249154177575 150.5847240149279 -11.031123683788358 0.010040946697729078 0.09036085854728455 0.995858471185545 -0.018728753776427607
412.28013087051346 25.256552645713327 257.18032908129953 -8.419685111021948 -5.195254138711735 431.3886966949593 151.156617872912 -7.400216444226146 -0.015466717640028781 0.08896992818778225 0.9959142194605439 -0.014754798222829189
427.082280953642 14.124884070573142 232.71384654537903 -7.293493258130156 15.492887294546254 431.53226019457145 150.03799613152017 -6.264843768367066 0.044953130314273226 0.0904518233865224 0.9948857641563685 -0.01166322839274905
398.44628656482615 36.310973856727976 276.9053833510561 -0.8022895296502429 -20.741641069047983 433.0095764549351 145.06554536691152 -1.6833956840139688 -0.0666001752751094 0.10072418720951443 0.9926827563548726 -0.003982012427467272
438.83383213572625 -15.67226256225429 209.60383915322717 -335.3745639233721 28.487829461795066 410.89381100155856 198.30844934518066 -317.27594085719755 0.09812794547424397 -0.026952065985951647 0.9948087718029495 -0.7955307699955307
432.9909894521178 -13.353349285366127 221.57394374036403 -264.5787370237209 20.761502840285875 410.9507560809201 199.1480793401028 -395.67853961436975 0.07091418600310741 -0.026881192632934956 0.9971201430650911 -0.7005710802573845
423.9553417765033 -9.454947087786685 238.5937836224036 342.1446069271801 8.53612892670306 410.61979007359935 200.72380011194193 -0.8049010513707905 0.031492415159435815 -0.028761359120085216 0.9990900920382462 0.05454771744576688
414.96175296860656 -5.595363791584623 254.0274727382451 114.30691169320818 -3.2467578866361375 410.1534257606014 201.82950063998902 9.43273626685062 -0.005001635178800822 -0.03107553753532491 0.9995045245582577 -0.3675577739876957
399.1088519543308 -0.14528799676137166 278.328267719276 195.2910159907784 -22.365894661045708 408.7750342257269 203.4066360232274 -107.14113370752158 -0.06406051821662635 -0.037377966113248326 0.9972457759524751 -0.22818781084114137
395.0664458089221 6.890118843574436 283.9534311938251 21.755212787342757 -25.35128883341427 413.63367819335997 192.9663541844423 7.152916078943524 -0.0783842533849591 -0.012918745919657151 0.9968395130737675 0.005659618416786356
406.34376020572626 2.42036939963404 267.6441887700152 356.4455225941624 -11.709424711049513 414.7024339538535 191.97995227159788 247.2113441769062 -0.03795749342557778 -0.007909415314170288 0.999248052208377 0.9554023357031751
416.66025900519895 -0.3503269606795376 251.2939061442996 -26.704834125031176 -0.9109932557818776 415.03302977067307 191.62013390868515 -4.91276929413119 0.0017021955309698732 -0.00629950696912246 0.9999787091445099 -0.011838368594488715
426.8440428332468 -7.000686157353901 233.47307108018808 0.2238677407472999 13.573463209191484 414.81186614775123 191.62045357437134 -0.3176063936017692 0.04382488493310283 -0.007295118298657588 0.9990125928683827 0.00041129241750945627
435.37867529225304 -11.02904977990288 216.97532253745874 0.850562776225306 24.839735371718298 414.693628193215 190.74512762094224 0.02909555695656773 0.08194539752629837 -0.007556554780616951 0.9966081729065362 2.831459062397388e-05
439.94097451058354 -15.224738770356725 207.30332294628428 114.07873871587223 33.28111472308078 414.63968989845125 189.57272059087052 -100.76296513410531 0.10390979498101173 -0.007234611508978174 0.9945604128977376 -0.2500524261121769
429.39791364438634 -29.0073077193128 227.0033684447086 18.312769910317446 17.484987889638166 396.19576598196954 227.36471064124828 15.811553225353629 0.05497714181248026 -0.09575033704107526 0.993886002937284 0.03071546250212384
415.5476358025011 -24.350923152373 251.95578252760555 -390.329363614141 -1.9526679986452935 394.8141805889232 230.4115260183465 -286.2557028601952 -0.0027066622807744973 -0.10186420875446799 0.9947946305414621 -0.7110174335941505
402.374698543845 -21.682035192063665 272.7251597308156 180.8604846246946 -16.305153308710054 394.6806453545554 230.07140540842983 430.46949960803613 -0.052522179691606614 -0.1023613742823319 0.9933597383100822 0.5942681308950104
395.17511198711185 17.899748756044104 283.3209333758504 2.105877043498621 -25.28629535052125 420.8058466205048 176.78960417955955 6.328482265886655 -0.07800185949222505 0.02574929751807955 0.9966206317315935 0.012247170412380938
