412.72268361082143 165.75441948050255 197.33215724833684 -370.8070882495609 -123.90788756821671 412.03789577131005 154.41220571979457 -272.36101361238883 0.09128784878839069 0.11547769562580057 0.9891063797572751 -0.4825251677838522
420.18623823838016 -73.44890251985412 234.10105796904702 -267.3245394742598 78.48936406499 408.0279696925833 190.58886931229927 -88.2724019971124 0.04111598398320572 -0.011377954343791245 0.9990895945890155 -0.9433581401093657
429.4970726040683 -142.94980953660084 178.47167284054964 93.58634262450863 59.033976873248236 284.64757739823506 352.7921026388821 -243.80722414356313 0.066639346696377 -0.45219563923842354 0.8894258267700763 0.005206475466904345
381.4717720694488 104.9441797164803 283.2322857414891 -29.438496601200953 -126.15254338152772 395.43032556166656 191.55133738265857 -17.352750572041167 -0.0719638264014327 -0.027964480875317797 0.9970151430640551 -0.0778269394906242
365.65143955104804 307.66474178832897 -91.62943218795 280.7964528448104 -182.261660119768 277.9490074978047 -313.8416127760792 407.14905965361726 -0.049152965919702196 0.9597964833892598 0.2763597228521316 0.5363223844224361
441.0124243206412 87.42643459420555 -186.06230557932668 468.60102992897913 60.31472220409518 443.03440795142484 95.15339765395767 113.86369008468984 0.7827695420050899 0.19296719752847286 0.5916379845709275 0.5308440530253845
482.7674255520952 45.566035145596686 40.17300953913419 347.6277597799305 43.70035873611898 412.0713273849639 193.02595996924182 158.39769938838478 0.448326663290495 -0.007585815736466689 0.8938376017948806 0.4194079202238815
418.6516149788214 -24.59814807517748 246.73929118690293 -266.8481558404153 11.294019099910063 403.7306227853976 214.115741566109 -114.27211681814893 0.0100989555220739 -0.06146191867945201 0.9980583367968044 -0.9996800250541452
428.08444193358963 23.692190206845805 230.08022975937908 -182.30733115121964 -22.39660464789967 407.08874728574887 206.75750376246157 -19.960473995114068 0.05460962734806655 -0.039462192168492734 0.9977276802766185 -0.5925692533911747
394.52361328176045 -4.807546730987984 284.74993851808335 110.9564763564425 -37.43668407574432 395.7004869193733 225.81218028641135 29.69575984746194 -0.07860109620875039 -0.09605428182960611 0.9922678280670907 0.1539852616132377
453.31843976074657 119.96940063667036 129.86245228040073 181.18334880864722 -35.664229191925344 449.33378853435244 76.1493970168549 126.91312387427756 0.21388973601859945 0.278942506427744 0.9361849491065863 0.15656872908953867
453.2270295850993 104.23634660624036 143.0893606393229 -425.79066907350034 -36.67997547131606 436.37873247213673 131.14763693621742 -215.9766007549996 0.2147344924742257 0.16168414464122885 0.9631964156460877 -0.8835652233923827
-116.73814717713067 -16.54949049538847 472.07291892938804 2668.866910801576 124.26834052530747 414.92648514600904 146.1674139334206 621.4798035063991 -0.7495199894297471 0.5504261983756076 0.36776457902713816 6.022199530817265
229.69348123202275 -253.66747126338075 345.9020672544113 -95.30224032125652 -11.130006535183503 287.0544057894142 355.59444947852046 -169.5304815258812 -0.4907459959529402 -0.349383822963811 0.7981850109513139 0.16625836265812285
367.3438937553383 -103.88599863735861 301.69634475131517 -72.32525127508735 7.085154995775383 365.12275504792615 274.9667175376265 0.886964622878767 -0.16446114818475918 -0.2056729718982557 0.9647026274289346 -0.1027590833668282
369.79650902412124 -224.9426346351806 222.27432255093126 2942.8646869260147 331.710509371436 23.648709631972185 -313.6564967186301 1322.3248014160185 0.8117434667722381 0.5046466843859051 0.2939460292143791 7.071374319073546
307.0610110900224 326.5522556138284 189.29258107599728 44.564256160268705 -275.088393053172 354.9396882856792 85.53195376938004 -227.87673492118972 -0.05090045781400467 0.2607171792101707 0.9640724536356262 -0.6329417993543675
-157.36838785161692 -448.49917050454115 -104.10670482846159 396.698696814944 360.10922984976116 -258.480516148251 111.71699412920374 292.4705385707253 -0.17840400135363366 -0.6671559691026601 0.7232391894744798 2.598278346837101
431.0050701602106 88.63538858909628 207.68466196224216 230.46641966912185 102.01413692706711 415.9320850184983 -159.89101897138966 258.8797283333302 0.10033647184709714 0.701156171329273 0.7059126120308037 0.6432732007643465
441.57793557340307 164.110925736576 121.78280788820045 150.8291973658299 246.3874517192423 -96.03562575700857 -372.88323058201047 344.2072919961393 0.3976362484634711 0.7995873601578962 -0.45005051647967625 0.9323551095674402
441.61944081033477 202.62076799930955 25.915541712573216 200.61497751685533 -4.7383162202809705 290.52475289213845 -352.90854019827486 333.39168063788713 0.11508135245901886 0.9604462324113527 0.25357309984113185 0.5157284779321405
413.1288658262404 -1.5751030818489435 257.0536533487216 218.8377880100816 -1.7677047750360315 415.46713736064515 190.67106340946984 73.67441687129843 -0.012196670296585515 -0.0040361503022389895 0.9999174719567681 0.689406938666454
410.5870639719382 -56.43444017126348 254.92731962262988 -153.15465979312802 43.144836195123695 405.263006034862 207.0554043675322 -30.568113387429342 -0.012387731276154225 -0.04272766901606195 0.9990099551127024 -0.5933313899213079
-176.72129872145544 164.65002264550367 422.3913754440971 704.5507298229714 -77.56155424069216 441.08900322581985 -91.63087888664998 50.70987774189182 -0.9563872626524922 0.2785687588421192 0.08787974984735898 0.9218076320929837
237.32770586691612 -418.7447349484932 -71.29465905228622 -5165.783530821752 415.3948593530331 93.35038926287098 166.44619874320742 -1161.2829927253454 0.2762564677389533 -0.5761918655330128 0.7692108281388033 -13.241412979058264
403.68753399432563 -98.45221598507094 253.17594177513797 -219.93844245489385 94.73783762354728 403.0393083953304 193.79261967151143 -95.99377290153663 -0.005448046996652266 -0.010576556036383106 0.9999292251186238 -1.030051268890351
382.1501889827557 -56.85017801125371 295.7766247509288 79.29071756661006 24.320216255031916 406.48131253500446 207.7329802165449 40.20204921613622 -0.11428167525266436 -0.035574289057157205 0.9928112452322054 0.36664053356469856
215.58871402542678 127.55761643396866 -417.1391641923187 -308.1747439526299 195.23395986249807 398.8043124220221 108.67540079763008 176.00428735371986 0.9962247088327804 0.009724226352785748 -0.08626568803923057 1.48169143666697
104.45771789887688 65.01025224164748 470.76190765965237 8911.787671114907 -397.7528507040979 149.20536346959884 168.82520752893353 3963.7408450791722 -0.3967944552212427 -0.5883082215082804 0.7045903751907496 26.0384378040951
