416.23031424308255 -13.569237069437394 237.02759184699363 5.88503986334478 9.799071081532064 398.83144046617315 206.56315810895043 3.2094097840665894 0.03544616277470443 -0.0440782741119059 0.9983990561373066 0.0008975602901626679
406.87820117133214 -7.31226195412565 253.0030399481833 -0.5192701612599234 -0.6008985658528337 401.8670365863682 200.8317749075853 -1.3889996581574373 -0.002722520301167908 -0.02923068626628579 0.9995689845446445 -0.0012801331762630997
381.21244414387763 -4.773634592619174 290.2897911207935 0.43827132464367197 -20.580065719256183 402.88146514945964 197.72168297974468 1.5577570375460312 -0.09693532988251376 -0.024144990136829223 0.994997769480847 0.0009442598914586878
377.2987107467479 -1.0172704477212529 295.3955416319023 1.1145710633540862 -22.956884422545475 405.5339701967194 191.95327155436308 1.234009819725218 -0.11022965181410908 -0.010611175569053045 0.9938494990761846 -0.001674762815466231
379.419335686997 -0.21441680928760926 292.66841257401967 0.9749403011269093 -23.582794874579214 404.71125797708635 193.60663066856617 -1.4043036825788426 -0.1030063962362836 -0.014787515463158719 0.9945707675780746 0.0009020284441453028
394.91320440641465 -1.9281705959034183 271.39219062076427 -0.845367311812331 -11.13334591008707 404.78246576469735 194.57153441504434 -1.8311171487374427 -0.04830138496705669 -0.014481263328047202 0.998727825397234 -0.001050508251908279
417.47653652751563 -3.715950023859554 235.18803360446915 342.8499770310319 6.988141115917028 403.948561822908 196.488175907038 284.6882054237136 0.040668749556420455 -0.018752970728619416 0.9989966861298233 0.7937509969580709
433.22206645278334 -5.076698363761832 204.71137305589633 2.099010017672448 22.57740273431501 404.14634173366875 194.90221480371125 -0.9462762526146584 0.11199536902801703 -0.017750242921165307 0.9935501830267648 0.006797548706224631
443.2876650405978 -8.669872200674003 181.75466245795604 -370.7249885020049 36.400243303155015 404.2645161983315 192.55155469828577 -252.769722561908 0.1637243465600241 -0.01702991108656926 0.9863591234798189 -0.3985677045875012
440.73046843380456 -1.36755731131186 188.06557890120757 236.68975655308037 30.657943998065715 408.52958637979674 184.37609798585743 137.46631485077893 0.14990841656852896 0.005174620639261701 0.9886863455834495 0.9659782424322054
422.57449370663903 2.532425045503412 225.91649359507466 184.46908972798312 11.969654255020647 409.74479404319976 183.83908484823866 50.152576763532394 0.06274519489618792 0.011677210793956018 0.9979612634093133 0.24220287339762847
392.740758099071 -11.378721187034586 274.2974655702118 -130.89160056576674 -2.354743160374688 405.28872212583667 193.820496564687 -447.1849510094232 -0.05596502888383608 -0.011438293063074522 0.998367207491229 -0.5044725472701881
378.88392085980996 -6.96634530585245 293.2785749646635 -5.053576137162342 -12.44177810975344 407.7655648411404 188.1577111722509 -5.5750279581322575 -0.10466932798694474 0.0014070311363847334 0.9945060844671302 -0.014054123294086522
367.5232676757902 7.194511011632099 307.39024824242523 -375.76955778872923 -22.764292194710677 414.207826987962 172.4660576725496 -249.10190692625537 -0.14234549889507833 0.03661593847599946 0.9891395412143996 -0.4953048585007319
364.1784536095628 9.577297247208527 311.2815562964066 9.911868574324503 -20.842539948544754 417.51830230634226 164.54462541830375 -4.973776497846591 -0.152848823285287 0.05620419240929219 0.9866500524380072 0.003352698291310223
383.8088060918124 8.195095258312714 286.7708471348013 -2.984589567329498 -13.662949801084196 414.5843879635934 172.5224247624422 -0.3653122311005269 -0.08796188799020381 0.03877308496845811 0.9953689537770543 4.200834109932735e-05
412.4035845828855 15.819199922850581 243.48904353854292 -0.747253085043763 -5.06724092668084 412.7269075082788 177.3744651136979 -1.4149142160319461 0.019897259617136807 0.028673731415879835 0.9993907725141443 0.0016452592930828373
429.21436468544204 15.021004945439058 212.51653240260688 379.44071160767 10.627488722047204 414.32160337299666 173.36534673405407 17.443608925007346 0.0931824219234944 0.03746094841963489 0.9949440756082591 0.577357763701047
435.8054853207838 31.29130577760748 196.7442785276745 300.2729089768533 1.887197069538589 415.069515868363 171.8854661405388 351.18226312472586 0.12774660853333047 0.04445783335956611 0.9908099237801391 0.5682536023058495
